0, 0, 0, 0, 0, 0, 0, 0, 0, 0, 0, 0, 0, 0, 0, 0, 0, 0, 0, 0, 0, 0, 0, 0, 0, 0, 0, 0, 0, 0, 0, 0, 0, 0, 0, 0, 0, 0, 0, 0, 0, 0, 0, 0, 0, 0, 0, 0, 0, 0, 0, 0, 0, 0, 0, 0, 0, 0, 0, 0, 0, 0, 0, 0, 0, 0, 0, 0, 0, 0, 0, 0, 0, 0, 0, 0, 0, 0, 0, 0, 0, 0, 0, 0, 0, 0, 0, 0, 0, 0, 0, 0, 0, 0, 0, 0, 0, 0, 0, 0, 0, 0
0, 0, 0, 0, 0, 0, 0, 0, 0, 0, 0, 0, 0, 0, 0, 0, 0, 0, 0, 0, 0, 0, 0, 0, 0, 0, 0, 0, 0, 0, 0, 0, 0, 0, 0, 0, 0, 0, 0, 0, 0, 0, 0, 0, 0, 0, 0, 0, 0, 0, 0, 0, 0, 0, 0, 0, 0, 0, 0, 0, 0, 0, 0, 0, 0, 0, 0, 0, 0, 0, 0, 0, 0, 0, 0, 0, 0, 0, 0, 0, 0, 0, 0, 0, 0, 0, 0, 0, 0, 0, 0, 0, 0, 0, 0, 0, 0, 0, 0, 0, 0, 0
0, 0, 0, 0, 0, 0, 0, 0, 0, 0, 0, 0, 0, 0, 0, 0, 0, 0, 0, 0, 0, 0, 0, 0, 0, 0, 0, 0, 0, 0, 0, 0, 0, 0, 0, 0, 0, 0, 0, 0, 0, 0, 0, 0, 0, 0, 0, 0, 0, 0, 0, 0, 0, 0, 0, 0, 0, 0, 0, 0, 0, 0, 0, 0, 0, 0, 0, 0, 0, 0, 0, 0, 0, 0, 0, 0, 0, 0, 0, 0, 0, 0, 0, 0, 0, 0, 0, 0, 0, 0, 0, 0, 0, 0, 0, 0, 0, 0, 0, 0, 0, 0
0, 0, 0, 0, 0, 0, 0, 0, 0, 0, 0, 0, 0, 0, 0, 0, 0, 0, 0, 0, 0, 0, 0, 0, 0, 0, 0, 0, 0, 0, 0, 0, 0, 0, 0, 0, 0, 0, 0, 0, 0, 0, 0, 0, 0, 0, 0, 0, 0, 0, 0, 0, 0, 0, 0, 0, 0, 0, 0, 0, 0, 0, 0, 0, 0, 0, 0, 0, 0, 0, 0, 0, 0, 0, 0, 0, 0, 0, 0, 0, 0, 0, 0, 0, 0, 0, 0, 0, 0, 0, 0, 0, 0, 0, 0, 0, 0, 0, 0, 0, 0, 0
0, 0, 0, 0, 0, 0, 0, 0, 0, 0, 0, 0, 0, 0, 0, 0, 0, 0, 0, 0, 0, 0, 0, 0, 0, 0, 0, 0, 0, 0, 0, 0, 0, 0, 0, 0, 0, 0, 0, 0, 0, 0, 0, 0, 0, 0, 0, 0, 0, 0, 0, 0, 0, 0, 0, 0, 0, 0, 0, 0, 0, 0, 0, 0, 0, 0, 0, 0, 0, 0, 0, 0, 0, 0, 0, 0, 0, 0, 0, 0, 0, 0, 0, 0, 0, 0, 0, 0, 0, 0, 0, 0, 0, 0, 0, 0, 0, 0, 0, 0, 0, 0
0, 0, 0, 0, 0, 0, 0, 0, 0, 0, 0, 0, 0, 0, 0, 0, 0, 0, 0, 0, 0, 0, 0, 0, 0, 0, 0, 0, 0, 0, 0, 0, 0, 0, 0, 0, 0, 0, 0, 0, 0, 0, 0, 0, 0, 0, 0, 0, 0, 0, 0, 0, 0, 0, 0, 0, 0, 0, 0, 0, 0, 0, 0, 0, 0, 0, 0, 0, 0, 0, 0, 0, 0, 0, 0, 0, 0, 0, 0, 0, 0, 0, 0, 0, 0, 0, 0, 0, 0, 0, 0, 0, 0, 0, 0, 0, 0, 0, 0, 0, 0, 0
0, 0, 0, 0, 0, 0, 0, 0, 0, 0, 0, 0, 0, 0, 0, 0, 0, 0, 0, 0, 0, 0, 0, 0, 0, 0, 0, 0, 0, 0, 0, 0, 0, 0, 0, 0, 0, 0, 0, 0, 0, 0, 201.7, 201.348, 201.039, 200.779, 200.562, 200.388, 200.256, 200.168, 200.124, 200.124, 200.168, 200.256, 200.388, 200.562, 200.779, 201.039, 201.348, 201.7, 0, 0, 0, 0, 0, 0, 0, 0, 0, 0, 0, 0, 0, 0, 0, 0, 0, 0, 0, 0, 0, 0, 0, 0, 0, 0, 0, 0, 0, 0, 0, 0, 0, 0, 0, 0, 0, 0, 0, 0, 0, 0
0, 0, 0, 0, 0, 0, 0, 0, 0, 0, 0, 0, 0, 0, 0, 0, 0, 0, 0, 0, 0, 0, 0, 0, 0, 0, 0, 0, 0, 0, 0, 0, 0, 0, 0, 0, 0, 0, 201.618, 201.086, 200.607, 200.168, 199.781, 199.424, 199.108, 198.837, 198.611, 198.429, 198.292, 198.201, 198.155, 198.155, 198.201, 198.292, 198.429, 198.611, 198.837, 199.108, 199.424, 199.781, 200.168, 200.607, 201.086, 201.618, 0, 0, 0, 0, 0, 0, 0, 0, 0, 0, 0, 0, 0, 0, 0, 0, 0, 0, 0, 0, 0, 0, 0, 0, 0, 0, 0, 0, 0, 0, 0, 0, 0, 0, 0, 0, 0, 0
0, 0, 0, 0, 0, 0, 0, 0, 0, 0, 0, 0, 0, 0, 0, 0, 0, 0, 0, 0, 0, 0, 0, 0, 0, 0, 0, 0, 0, 0, 0, 0, 0, 0, 0, 201.579, 200.914, 200.3, 199.734, 199.195, 198.697, 198.241, 197.831, 197.461, 197.134, 196.852, 196.616, 196.427, 196.284, 196.189, 196.141, 196.141, 196.189, 196.284, 196.427, 196.616, 196.852, 197.134, 197.461, 197.831, 198.241, 198.697, 199.195, 199.734, 200.3, 200.914, 201.579, 0, 0, 0, 0, 0, 0, 0, 0, 0, 0, 0, 0, 0, 0, 0, 0, 0, 0, 0, 0, 0, 0, 0, 0, 0, 0, 0, 0, 0, 0, 0, 0, 0, 0, 0
0, 0, 0, 0, 0, 0, 0, 0, 0, 0, 0, 0, 0, 0, 0, 0, 0, 0, 0, 0, 0, 0, 0, 0, 0, 0, 0, 0, 0, 0, 0, 0, 0, 201.183, 200.434, 199.733, 199.056, 198.419, 197.822, 197.263, 196.746, 196.271, 195.841, 195.456, 195.115, 194.822, 194.576, 194.379, 194.231, 194.131, 194.082, 194.082, 194.131, 194.231, 194.379, 194.576, 194.822, 195.115, 195.456, 195.841, 196.271, 196.746, 197.263, 197.822, 198.419, 199.056, 199.733, 200.434, 201.183, 0, 0, 0, 0, 0, 0, 0, 0, 0, 0, 0, 0, 0, 0, 0, 0, 0, 0, 0, 0, 0, 0, 0, 0, 0, 0, 0, 0, 0, 0, 0, 0, 0
0, 0, 0, 0, 0, 0, 0, 0, 0, 0, 0, 0, 0, 0, 0, 0, 0, 0, 0, 0, 0, 0, 0, 0, 0, 0, 0, 0, 0, 0, 0, 201.009, 200.169, 199.369, 198.597, 197.862, 197.16, 196.497, 195.874, 195.292, 194.753, 194.259, 193.81, 193.408, 193.053, 192.748, 192.492, 192.286, 192.131, 192.028, 191.976, 191.976, 192.028, 192.131, 192.286, 192.492, 192.748, 193.053, 193.408, 193.81, 194.259, 194.753, 195.292, 195.874, 196.497, 197.16, 197.862, 198.597, 199.369, 200.169, 201.009, 0, 0, 0, 0, 0, 0, 0, 0, 0, 0, 0, 0, 0, 0, 0, 0, 0, 0, 0, 0, 0, 0, 0, 0, 0, 0, 0, 0, 0, 0, 0
0, 0, 0, 0, 0, 0, 0, 0, 0, 0, 0, 0, 0, 0, 0, 0, 0, 0, 0, 0, 0, 0, 0, 0, 0, 0, 0, 0, 0, 201.055, 200.124, 199.231, 198.363, 197.528, 196.725, 195.958, 195.228, 194.537, 193.888, 193.281, 192.719, 192.203, 191.735, 191.316, 190.946, 190.627, 190.36, 190.146, 189.985, 189.877, 189.823, 189.823, 189.877, 189.985, 190.146, 190.36, 190.627, 190.946, 191.316, 191.735, 192.203, 192.719, 193.281, 193.888, 194.537, 195.228, 195.958, 196.725, 197.528, 198.363, 199.231, 200.124, 201.055, 0, 0, 0, 0, 0, 0, 0, 0, 0, 0, 0, 0, 0, 0, 0, 0, 0, 0, 0, 0, 0, 0, 0, 0, 0, 0, 0, 0, 0
0, 0, 0, 0, 0, 0, 0, 0, 0, 0, 0, 0, 0, 0, 0, 0, 0, 0, 0, 0, 0, 0, 0, 0, 0, 0, 0, 201.325, 200.303, 199.32, 198.359, 197.427, 196.525, 195.655, 194.819, 194.02, 193.259, 192.539, 191.862, 191.229, 190.643, 190.105, 189.616, 189.178, 188.793, 188.46, 188.182, 187.959, 187.79, 187.678, 187.622, 187.622, 187.678, 187.79, 187.959, 188.182, 188.46, 188.793, 189.178, 189.616, 190.105, 190.643, 191.229, 191.862, 192.539, 193.259, 194.02, 194.819, 195.655, 196.525, 197.427, 198.359, 199.32, 200.303, 201.325, 0, 0, 0, 0, 0, 0, 0, 0, 0, 0, 0, 0, 0, 0, 0, 0, 0, 0, 0, 0, 0, 0, 0, 0, 0, 0, 0
0, 0, 0, 0, 0, 0, 0, 0, 0, 0, 0, 0, 0, 0, 0, 0, 0, 0, 0, 0, 0, 0, 0, 0, 0, 0, 200.703, 199.638, 198.588, 197.564, 196.566, 195.596, 194.657, 193.75, 192.879, 192.046, 191.253, 190.502, 189.795, 189.135, 188.523, 187.962, 187.452, 186.995, 186.593, 186.246, 185.955, 185.722, 185.547, 185.429, 185.371, 185.371, 185.429, 185.547, 185.722, 185.955, 186.246, 186.593, 186.995, 187.452, 187.962, 188.523, 189.135, 189.795, 190.502, 191.253, 192.046, 192.879, 193.75, 194.657, 195.596, 196.566, 197.564, 198.588, 199.638, 200.703, 0, 0, 0, 0, 0, 0, 0, 0, 0, 0, 0, 0, 0, 0, 0, 0, 0, 0, 0, 0, 0, 0, 0, 0, 0, 0
0, 0, 0, 0, 0, 0, 0, 0, 0, 0, 0, 0, 0, 0, 0, 0, 0, 0, 0, 0, 0, 0, 0, 0, 201.328, 200.169, 199.044, 197.937, 196.849, 195.784, 194.746, 193.736, 192.758, 191.814, 190.906, 190.037, 189.209, 188.425, 187.688, 186.999, 186.36, 185.773, 185.241, 184.764, 184.344, 183.982, 183.679, 183.435, 183.252, 183.13, 183.069, 183.069, 183.13, 183.252, 183.435, 183.679, 183.982, 184.344, 184.764, 185.241, 185.773, 186.36, 186.999, 187.688, 188.425, 189.209, 190.037, 190.906, 191.814, 192.758, 193.736, 194.746, 195.784, 196.849, 197.937, 199.044, 200.169, 201.328, 0, 0, 0, 0, 0, 0, 0, 0, 0, 0, 0, 0, 0, 0, 0, 0, 0, 0, 0, 0, 0, 0, 0, 0
0, 0, 0, 0, 0, 0, 0, 0, 0, 0, 0, 0, 0, 0, 0, 0, 0, 0, 0, 0, 0, 0, 0, 200.927, 199.728, 198.539, 197.368, 196.217, 195.087, 193.98, 192.9, 191.849, 190.83, 189.845, 188.898, 187.991, 187.127, 186.309, 185.539, 184.819, 184.151, 183.538, 182.982, 182.484, 182.045, 181.667, 181.351, 181.097, 180.906, 180.778, 180.714, 180.714, 180.778, 180.906, 181.097, 181.351, 181.667, 182.045, 182.484, 182.982, 183.538, 184.151, 184.819, 185.539, 186.309, 187.127, 187.991, 188.898, 189.845, 190.83, 191.849, 192.9, 193.98, 195.087, 196.217, 197.368, 198.539, 199.728, 200.927, 0, 0, 0, 0, 0, 0, 0, 0, 0, 0, 0, 0, 0, 0, 0, 0, 0, 0, 0, 0, 0, 0, 0
0, 0, 0, 0, 0, 0, 0, 0, 0, 0, 0, 0, 0, 0, 0, 0, 0, 0, 0, 0, 0, 0, 200.616, 199.363, 198.12, 196.889, 195.675, 194.479, 193.304, 192.153, 191.029, 189.934, 188.871, 187.844, 186.856, 185.909, 185.007, 184.152, 183.346, 182.594, 181.896, 181.255, 180.674, 180.153, 179.695, 179.3, 178.97, 178.705, 178.506, 178.372, 178.306, 178.306, 178.372, 178.506, 178.705, 178.97, 179.3, 179.695, 180.153, 180.674, 181.255, 181.896, 182.594, 183.346, 184.152, 185.007, 185.909, 186.856, 187.844, 188.871, 189.934, 191.029, 192.153, 193.304, 194.479, 195.675, 196.889, 198.12, 199.363, 200.616, 0, 0, 0, 0, 0, 0, 0, 0, 0, 0, 0, 0, 0, 0, 0, 0, 0, 0, 0, 0, 0, 0
0, 0, 0, 0, 0, 0, 0, 0, 0, 0, 0, 0, 0, 0, 0, 0, 0, 0, 0, 0, 0, 200.394, 199.088, 197.789, 196.501, 195.225, 193.965, 192.723, 191.501, 190.303, 189.132, 187.991, 186.883, 185.812, 184.779, 183.79, 182.847, 181.952, 181.11, 180.323, 179.593, 178.923, 178.314, 177.77, 177.291, 176.879, 176.534, 176.257, 176.049, 175.911, 175.841, 175.841, 175.911, 176.049, 176.257, 176.534, 176.879, 177.291, 177.77, 178.314, 178.923, 179.593, 180.323, 181.11, 181.952, 182.847, 183.79, 184.779, 185.812, 186.883, 187.991, 189.132, 190.303, 191.501, 192.723, 193.965, 195.225, 196.501, 197.789, 199.088, 200.394, 0, 0, 0, 0, 0, 0, 0, 0, 0, 0, 0, 0, 0, 0, 0, 0, 0, 0, 0, 0, 0
0, 0, 0, 0, 0, 0, 0, 0, 0, 0, 0, 0, 0, 0, 0, 0, 0, 0, 0, 0, 200.259, 198.903, 197.551, 196.207, 194.872, 193.549, 192.24, 190.949, 189.679, 188.432, 187.212, 186.022, 184.866, 183.746, 182.668, 181.633, 180.646, 179.71, 178.828, 178.003, 177.239, 176.538, 175.902, 175.332, 174.832, 174.401, 174.041, 173.752, 173.535, 173.391, 173.319, 173.319, 173.391, 173.535, 173.752, 174.041, 174.401, 174.832, 175.332, 175.902, 176.538, 177.239, 178.003, 178.828, 179.71, 180.646, 181.633, 182.668, 183.746, 184.866, 186.022, 187.212, 188.432, 189.679, 190.949, 192.24, 193.549, 194.872, 196.207, 197.551, 198.903, 200.259, 0, 0, 0, 0, 0, 0, 0, 0, 0, 0, 0, 0, 0, 0, 0, 0, 0, 0, 0, 0
0, 0, 0, 0, 0, 0, 0, 0, 0, 0, 0, 0, 0, 0, 0, 0, 0, 0, 0, 200.215, 198.81, 197.408, 196.009, 194.617, 193.233, 191.86, 190.502, 189.16, 187.838, 186.54, 185.268, 184.026, 182.819, 181.649, 180.52, 179.437, 178.403, 177.423, 176.499, 175.635, 174.834, 174.099, 173.433, 172.837, 172.314, 171.864, 171.488, 171.187, 170.961, 170.811, 170.736, 170.736, 170.811, 170.961, 171.187, 171.488, 171.864, 172.314, 172.837, 173.433, 174.099, 174.834, 175.635, 176.499, 177.423, 178.403, 179.437, 180.52, 181.649, 182.819, 184.026, 185.268, 186.54, 187.838, 189.16, 190.502, 191.86, 193.233, 194.617, 196.009, 197.408, 198.81, 200.215, 0, 0, 0, 0, 0, 0, 0, 0, 0, 0, 0, 0, 0, 0, 0, 0, 0, 0, 0
0, 0, 0, 0, 0, 0, 0, 0, 0, 0, 0, 0, 0, 0, 0, 0, 0, 0, 200.259, 198.81, 197.36, 195.91, 194.463, 193.021, 191.587, 190.163, 188.751, 187.356, 185.981, 184.628, 183.301, 182.005, 180.742, 179.518, 178.337, 177.202, 176.118, 175.09, 174.12, 173.214, 172.374, 171.603, 170.905, 170.282, 169.735, 169.265, 168.873, 168.56, 168.325, 168.168, 168.09, 168.09, 168.168, 168.325, 168.56, 168.873, 169.265, 169.735, 170.282, 170.905, 171.603, 172.374, 173.214, 174.12, 175.09, 176.118, 177.202, 178.337, 179.518, 180.742, 182.005, 183.301, 184.628, 185.981, 187.356, 188.751, 190.163, 191.587, 193.021, 194.463, 195.91, 197.36, 198.81, 200.259, 0, 0, 0, 0, 0, 0, 0, 0, 0, 0, 0, 0, 0, 0, 0, 0, 0, 0
0, 0, 0, 0, 0, 0, 0, 0, 0, 0, 0, 0, 0, 0, 0, 0, 0, 200.394, 198.903, 197.408, 195.91, 194.412, 192.915, 191.422, 189.935, 188.457, 186.991, 185.54, 184.107, 182.697, 181.312, 179.957, 178.637, 177.355, 176.117, 174.926, 173.789, 172.708, 171.69, 170.738, 169.856, 169.048, 168.316, 167.663, 167.091, 166.601, 166.193, 165.867, 165.623, 165.461, 165.38, 165.38, 165.461, 165.623, 165.867, 166.193, 166.601, 167.091, 167.663, 168.316, 169.048, 169.856, 170.738, 171.69, 172.708, 173.789, 174.926, 176.117, 177.355, 178.637, 179.957, 181.312, 182.697, 184.107, 185.54, 186.991, 188.457, 189.935, 191.422, 192.915, 194.412, 195.91, 197.408, 198.903, 200.394, 0, 0, 0, 0, 0, 0, 0, 0, 0, 0, 0, 0, 0, 0, 0, 0, 0
0, 0, 0, 0, 0, 0, 0, 0, 0, 0, 0, 0, 0, 0, 0, 0, 200.616, 199.088, 197.551, 196.009, 194.463, 192.915, 191.366, 189.82, 188.279, 186.745, 185.222, 183.712, 182.22, 180.748, 179.302, 177.885, 176.503, 175.159, 173.86, 172.609, 171.413, 170.277, 169.206, 168.204, 167.277, 166.428, 165.661, 164.977, 164.379, 163.868, 163.443, 163.105, 162.853, 162.685, 162.602, 162.602, 162.685, 162.853, 163.105, 163.443, 163.868, 164.379, 164.977, 165.661, 166.428, 167.277, 168.204, 169.206, 170.277, 171.413, 172.609, 173.86, 175.159, 176.503, 177.885, 179.302, 180.748, 182.22, 183.712, 185.222, 186.745, 188.279, 189.82, 191.366, 192.915, 194.463, 196.009, 197.551, 199.088, 200.616, 0, 0, 0, 0, 0, 0, 0, 0, 0, 0, 0, 0, 0, 0, 0, 0
0, 0, 0, 0, 0, 0, 0, 0, 0, 0, 0, 0, 0, 0, 0, 200.927, 199.363, 197.789, 196.207, 194.617, 193.021, 191.422, 189.82, 188.219, 186.622, 185.029, 183.446, 181.875, 180.32, 178.784, 177.272, 175.79, 174.34, 172.93, 171.564, 170.249, 168.99, 167.793, 166.665, 165.61, 164.633, 163.74, 162.934, 162.218, 161.594, 161.061, 160.621, 160.272, 160.012, 159.84, 159.755, 159.755, 159.84, 160.012, 160.272, 160.621, 161.061, 161.594, 162.218, 162.934, 163.74, 164.633, 165.61, 166.665, 167.793, 168.99, 170.249, 171.564, 172.93, 174.34, 175.79, 177.272, 178.784, 180.32, 181.875, 183.446, 185.029, 186.622, 188.219, 189.82, 191.422, 193.021, 194.617, 196.207, 197.789, 199.363, 200.927, 0, 0, 0, 0, 0, 0, 0, 0, 0, 0, 0, 0, 0, 0, 0
0, 0, 0, 0, 0, 0, 0, 0, 0, 0, 0, 0, 0, 0, 201.328, 199.728, 198.12, 196.501, 194.872, 193.233, 191.587, 189.935, 188.279, 186.622, 184.965, 183.313, 181.667, 180.031, 178.409, 176.806, 175.224, 173.671, 172.15, 170.668, 169.231, 167.845, 166.517, 165.254, 164.063, 162.949, 161.919, 160.979, 160.132, 159.382, 158.73, 158.177, 157.722, 157.363, 157.098, 156.923, 156.836, 156.836, 156.923, 157.098, 157.363, 157.722, 158.177, 158.73, 159.382, 160.132, 160.979, 161.919, 162.949, 164.063, 165.254, 166.517, 167.845, 169.231, 170.668, 172.15, 173.671, 175.224, 176.806, 178.409, 180.031, 181.667, 183.313, 184.965, 186.622, 188.279, 189.935, 191.587, 193.233, 194.872, 196.501, 198.12, 199.728, 201.328, 0, 0, 0, 0, 0, 0, 0, 0, 0, 0, 0, 0, 0, 0
0, 0, 0, 0, 0, 0, 0, 0, 0, 0, 0, 0, 0, 0, 200.169, 198.539, 196.889, 195.225, 193.549, 191.86, 190.163, 188.457, 186.745, 185.029, 183.313, 181.597, 179.886, 178.182, 176.491, 174.815, 173.16, 171.53, 169.933, 168.373, 166.858, 165.396, 163.992, 162.657, 161.396, 160.218, 159.13, 158.138, 157.247, 156.461, 155.782, 155.209, 154.741, 154.375, 154.107, 153.931, 153.844, 153.844, 153.931, 154.107, 154.375, 154.741, 155.209, 155.782, 156.461, 157.247, 158.138, 159.13, 160.218, 161.396, 162.657, 163.992, 165.396, 166.858, 168.373, 169.933, 171.53, 173.16, 174.815, 176.491, 178.182, 179.886, 181.597, 183.313, 185.029, 186.745, 188.457, 190.163, 191.86, 193.549, 195.225, 196.889, 198.539, 200.169, 0, 0, 0, 0, 0, 0, 0, 0, 0, 0, 0, 0, 0, 0
0, 0, 0, 0, 0, 0, 0, 0, 0, 0, 0, 0, 0, 200.703, 199.044, 197.368, 195.675, 193.965, 192.24, 190.502, 188.751, 186.991, 185.222, 183.446, 181.667, 179.886, 178.107, 176.332, 174.567, 172.815, 171.081, 169.37, 167.69, 166.046, 164.447, 162.9, 161.413, 159.997, 158.66, 157.411, 156.258, 155.209, 154.271, 153.447, 152.74, 152.15, 151.672, 151.304, 151.037, 150.865, 150.78, 150.78, 150.865, 151.037, 151.304, 151.672, 152.15, 152.74, 153.447, 154.271, 155.209, 156.258, 157.411, 158.66, 159.997, 161.413, 162.9, 164.447, 166.046, 167.69, 169.37, 171.081, 172.815, 174.567, 176.332, 178.107, 179.886, 181.667, 183.446, 185.222, 186.991, 188.751, 190.502, 192.24, 193.965, 195.675, 197.368, 199.044, 200.703, 0, 0, 0, 0, 0, 0, 0, 0, 0, 0, 0, 0, 0
0, 0, 0, 0, 0, 0, 0, 0, 0, 0, 0, 0, 201.325, 199.638, 197.937, 196.217, 194.479, 192.723, 190.949, 189.16, 187.356, 185.54, 183.712, 181.875, 180.031, 178.182, 176.332, 174.484, 172.641, 170.808, 168.99, 167.192, 165.423, 163.688, 161.996, 160.356, 158.778, 157.272, 155.849, 154.52, 153.296, 152.184, 151.194, 150.331, 149.596, 148.991, 148.509, 148.145, 147.887, 147.724, 147.646, 147.646, 147.724, 147.887, 148.145, 148.509, 148.991, 149.596, 150.331, 151.194, 152.184, 153.296, 154.52, 155.849, 157.272, 158.778, 160.356, 161.996, 163.688, 165.423, 167.192, 168.99, 170.808, 172.641, 174.484, 176.332, 178.182, 180.031, 181.875, 183.712, 185.54, 187.356, 189.16, 190.949, 192.723, 194.479, 196.217, 197.937, 199.638, 201.325, 0, 0, 0, 0, 0, 0, 0, 0, 0, 0, 0, 0
0, 0, 0, 0, 0, 0, 0, 0, 0, 0, 0, 0, 200.303, 198.588, 196.849, 195.087, 193.304, 191.501, 189.679, 187.838, 185.981, 184.107, 182.22, 180.32, 178.409, 176.491, 174.567, 172.641, 170.716, 168.798, 166.89, 165, 163.134, 161.299, 159.506, 157.764, 156.083, 154.477, 152.958, 151.539, 150.233, 149.052, 148.005, 147.099, 146.338, 145.721, 145.242, 144.892, 144.656, 144.513, 144.448, 144.448, 144.513, 144.656, 144.892, 145.242, 145.721, 146.338, 147.099, 148.005, 149.052, 150.233, 151.539, 152.958, 154.477, 156.083, 157.764, 159.506, 161.299, 163.134, 165, 166.89, 168.798, 170.716, 172.641, 174.567, 176.491, 178.409, 180.32, 182.22, 184.107, 185.981, 187.838, 189.679, 191.501, 193.304, 195.087, 196.849, 198.588, 200.303, 0, 0, 0, 0, 0, 0, 0, 0, 0, 0, 0, 0
0, 0, 0, 0, 0, 0, 0, 0, 0, 0, 0, 201.055, 199.32, 197.564, 195.784, 193.98, 192.153, 190.303, 188.432, 186.54, 184.628, 182.697, 180.748, 178.784, 176.806, 174.815, 172.815, 170.808, 168.798, 166.789, 164.786, 162.796, 160.826, 158.883, 156.978, 155.122, 153.328, 151.609, 149.981, 148.459, 147.06, 145.798, 144.687, 143.735, 142.948, 142.325, 141.86, 141.54, 141.343, 141.239, 141.196, 141.196, 141.239, 141.343, 141.54, 141.86, 142.325, 142.948, 143.735, 144.687, 145.798, 147.06, 148.459, 149.981, 151.609, 153.328, 155.122, 156.978, 158.883, 160.826, 162.796, 164.786, 166.789, 168.798, 170.808, 172.815, 174.815, 176.806, 178.784, 180.748, 182.697, 184.628, 186.54, 188.432, 190.303, 192.153, 193.98, 195.784, 197.564, 199.32, 201.055, 0, 0, 0, 0, 0, 0, 0, 0, 0, 0, 0
0, 0, 0, 0, 0, 0, 0, 0, 0, 0, 0, 200.124, 198.359, 196.566, 194.746, 192.9, 191.029, 189.132, 187.212, 185.268, 183.301, 181.312, 179.302, 177.272, 175.224, 173.16, 171.081, 168.99, 166.89, 164.786, 162.683, 160.586, 158.503, 156.442, 154.415, 152.433, 150.511, 148.664, 146.91, 145.269, 143.761, 142.406, 141.221, 140.219, 139.407, 138.785, 138.346, 138.076, 137.95, 137.915, 137.915, 137.915, 137.915, 137.95, 138.076, 138.346, 138.785, 139.407, 140.219, 141.221, 142.406, 143.761, 145.269, 146.91, 148.664, 150.511, 152.433, 154.415, 156.442, 158.503, 160.586, 162.683, 164.786, 166.89, 168.99, 171.081, 173.16, 175.224, 177.272, 179.302, 181.312, 183.301, 185.268, 187.212, 189.132, 191.029, 192.9, 194.746, 196.566, 198.359, 200.124, 0, 0, 0, 0, 0, 0, 0, 0, 0, 0, 0
0, 0, 0, 0, 0, 0, 0, 0, 0, 0, 201.009, 199.231, 197.427, 195.596, 193.736, 191.849, 189.934, 187.991, 186.022, 184.026, 182.005, 179.957, 177.885, 175.79, 173.671, 171.53, 169.37, 167.192, 165, 162.796, 160.586, 158.375, 156.171, 153.982, 151.82, 149.698, 147.631, 145.638, 143.739, 141.959, 140.323, 138.857, 137.585, 136.526, 135.689, 135.073, 134.673, 134.483, 134.477, 134.568, 134.647, 134.647, 134.568, 134.477, 134.483, 134.673, 135.073, 135.689, 136.526, 137.585, 138.857, 140.323, 141.959, 143.739, 145.638, 147.631, 149.698, 151.82, 153.982, 156.171, 158.375, 160.586, 162.796, 165, 167.192, 169.37, 171.53, 173.671, 175.79, 177.885, 179.957, 182.005, 184.026, 186.022, 187.991, 189.934, 191.849, 193.736, 195.596, 197.427, 199.231, 201.009, 0, 0, 0, 0, 0, 0, 0, 0, 0, 0
0, 0, 0, 0, 0, 0, 0, 0, 0, 0, 200.169, 198.363, 196.525, 194.657, 192.758, 190.83, 188.871, 186.883, 184.866, 182.819, 180.742, 178.637, 176.503, 174.34, 172.15, 169.933, 167.69, 165.423, 163.134, 160.826, 158.503, 156.171, 153.836, 151.508, 149.198, 146.919, 144.69, 142.529, 140.462, 138.517, 136.726, 135.124, 133.748, 132.622, 131.759, 131.157, 130.801, 130.715, 130.918, 131.243, 131.469, 131.469, 131.243, 130.918, 130.715, 130.801, 131.157, 131.759, 132.622, 133.748, 135.124, 136.726, 138.517, 140.462, 142.529, 144.69, 146.919, 149.198, 151.508, 153.836, 156.171, 158.503, 160.826, 163.134, 165.423, 167.69, 169.933, 172.15, 174.34, 176.503, 178.637, 180.742, 182.819, 184.866, 186.883, 188.871, 190.83, 192.758, 194.657, 196.525, 198.363, 200.169, 0, 0, 0, 0, 0, 0, 0, 0, 0, 0
0, 0, 0, 0, 0, 0, 0, 0, 0, 201.183, 199.369, 197.528, 195.655, 193.75, 191.814, 189.845, 187.844, 185.812, 183.746, 181.649, 179.518, 177.355, 175.159, 172.93, 170.668, 168.373, 166.046, 163.688, 161.299, 158.883, 156.442, 153.982, 151.508, 149.029, 146.557, 144.105, 141.692, 139.34, 137.075, 134.931, 132.949, 131.178, 129.67, 128.465, 127.579, 127.005, 126.669, 126.671, 127.246, 128.028, 128.528, 128.528, 128.028, 127.246, 126.671, 126.669, 127.005, 127.579, 128.465, 129.67, 131.178, 132.949, 134.931, 137.075, 139.34, 141.692, 144.105, 146.557, 149.029, 151.508, 153.982, 156.442, 158.883, 161.299, 163.688, 166.046, 168.373, 170.668, 172.93, 175.159, 177.355, 179.518, 181.649, 183.746, 185.812, 187.844, 189.845, 191.814, 193.75, 195.655, 197.528, 199.369, 201.183, 0, 0, 0, 0, 0, 0, 0, 0, 0
0, 0, 0, 0, 0, 0, 0, 0, 0, 200.434, 198.597, 196.725, 194.819, 192.879, 190.906, 188.898, 186.856, 184.779, 182.668, 180.52, 178.337, 176.117, 173.86, 171.564, 169.231, 166.858, 164.447, 161.996, 159.506, 156.978, 154.415, 151.82, 149.198, 146.557, 143.907, 141.264, 138.645, 136.074, 133.578, 131.195, 128.972, 126.979, 125.297, 123.999, 123.096, 122.624, 122.208, 122.061, 123.376, 125.103, 126.098, 126.098, 125.103, 123.376, 122.061, 122.208, 122.624, 123.096, 123.999, 125.297, 126.979, 128.972, 131.195, 133.578, 136.074, 138.645, 141.264, 143.907, 146.557, 149.198, 151.82, 154.415, 156.978, 159.506, 161.996, 164.447, 166.858, 169.231, 171.564, 173.86, 176.117, 178.337, 180.52, 182.668, 184.779, 186.856, 188.898, 190.906, 192.879, 194.819, 196.725, 198.597, 200.434, 0, 0, 0, 0, 0, 0, 0, 0, 0
0, 0, 0, 0, 0, 0, 0, 0, 201.579, 199.733, 197.862, 195.958, 194.02, 192.046, 190.037, 187.991, 185.909, 183.79, 181.633, 179.437, 177.202, 174.926, 172.609, 170.249, 167.845, 165.396, 162.9, 160.356, 157.764, 155.122, 152.433, 149.698, 146.919, 144.105, 141.264, 138.41, 135.562, 132.743, 129.979, 127.307, 124.776, 122.475, 120.549, 119.145, 118.19, 118.193, 117.487, 115.996, 119.102, 122.919, 124.671, 124.671, 122.919, 119.102, 115.996, 117.487, 118.193, 118.19, 119.145, 120.549, 122.475, 124.776, 127.307, 129.979, 132.743, 135.562, 138.41, 141.264, 144.105, 146.919, 149.698, 152.433, 155.122, 157.764, 160.356, 162.9, 165.396, 167.845, 170.249, 172.609, 174.926, 177.202, 179.437, 181.633, 183.79, 185.909, 187.991, 190.037, 192.046, 194.02, 195.958, 197.862, 199.733, 201.579, 0, 0, 0, 0, 0, 0, 0, 0
0, 0, 0, 0, 0, 0, 0, 0, 200.914, 199.056, 197.16, 195.228, 193.259, 191.253, 189.209, 187.127, 185.007, 182.847, 180.646, 178.403, 176.118, 173.789, 171.413, 168.99, 166.517, 163.992, 161.413, 158.778, 156.083, 153.328, 150.511, 147.631, 144.69, 141.692, 138.645, 135.562, 132.461, 129.365, 126.298, 123.285, 120.357, 117.605, 115.287, 113.846, 112.333, 114.477, 113.556, 105.338, 114.124, 122.807, 125.005, 125.005, 122.807, 114.124, 105.338, 113.556, 114.477, 112.333, 113.846, 115.287, 117.605, 120.357, 123.285, 126.298, 129.365, 132.461, 135.562, 138.645, 141.692, 144.69, 147.631, 150.511, 153.328, 156.083, 158.778, 161.413, 163.992, 166.517, 168.99, 171.413, 173.789, 176.118, 178.403, 180.646, 182.847, 185.007, 187.127, 189.209, 191.253, 193.259, 195.228, 197.16, 199.056, 200.914, 0, 0, 0, 0, 0, 0, 0, 0
0, 0, 0, 0, 0, 0, 0, 0, 200.3, 198.419, 196.497, 194.537, 192.539, 190.502, 188.425, 186.309, 184.152, 181.952, 179.71, 177.423, 175.09, 172.708, 170.277, 167.793, 165.254, 162.657, 159.997, 157.272, 154.477, 151.609, 148.664, 145.638, 142.529, 139.34, 136.074, 132.743, 129.365, 125.967, 122.572, 119.185, 115.769, 112.305, 109.152, 108.625, 102.822, 113.832, 116.927, 0, 0, 0, 0, 0, 0, 0, 0, 116.927, 113.832, 102.822, 108.625, 109.152, 112.305, 115.769, 119.185, 122.572, 125.967, 129.365, 132.743, 136.074, 139.34, 142.529, 145.638, 148.664, 151.609, 154.477, 157.272, 159.997, 162.657, 165.254, 167.793, 170.277, 172.708, 175.09, 177.423, 179.71, 181.952, 184.152, 186.309, 188.425, 190.502, 192.539, 194.537, 196.497, 198.419, 200.3, 0, 0, 0, 0, 0, 0, 0, 0
0, 0, 0, 0, 0, 0, 0, 201.618, 199.734, 197.822, 195.874, 193.888, 191.862, 189.795, 187.688, 185.539, 183.346, 181.11, 178.828, 176.499, 174.12, 171.69, 169.206, 166.665, 164.063, 161.396, 158.66, 155.849, 152.958, 149.981, 146.91, 143.739, 140.462, 137.075, 133.578, 129.979, 126.298, 122.572, 118.846, 115.122, 111.232, 106.698, 100.395, 108.683, 0, 0, 0, 0, 0, 0, 0, 0, 0, 0, 0, 0, 0, 0, 108.683, 100.395, 106.698, 111.232, 115.122, 118.846, 122.572, 126.298, 129.979, 133.578, 137.075, 140.462, 143.739, 146.91, 149.981, 152.958, 155.849, 158.66, 161.396, 164.063, 166.665, 169.206, 171.69, 174.12, 176.499, 178.828, 181.11, 183.346, 185.539, 187.688, 189.795, 191.862, 193.888, 195.874, 197.822, 199.734, 201.618, 0, 0, 0, 0, 0, 0, 0
0, 0, 0, 0, 0, 0, 0, 201.086, 199.195, 197.263, 195.292, 193.281, 191.229, 189.135, 186.999, 184.819, 182.594, 180.323, 178.003, 175.635, 173.214, 170.738, 168.204, 165.61, 162.949, 160.218, 157.411, 154.52, 151.539, 148.459, 145.269, 141.959, 138.517, 134.931, 131.195, 127.307, 123.285, 119.185, 115.122, 111.231, 107.341, 102.864, 0, 0, 0, 0, 0, 0, 0, 0, 0, 0, 0, 0, 0, 0, 0, 0, 0, 0, 102.864, 107.341, 111.231, 115.122, 119.185, 123.285, 127.307, 131.195, 134.931, 138.517, 141.959, 145.269, 148.459, 151.539, 154.52, 157.411, 160.218, 162.949, 165.61, 168.204, 170.738, 173.214, 175.635, 178.003, 180.323, 182.594, 184.819, 186.999, 189.135, 191.229, 193.281, 195.292, 197.263, 199.195, 201.086, 0, 0, 0, 0, 0, 0, 0
0, 0, 0, 0, 0, 0, 0, 200.607, 198.697, 196.746, 194.753, 192.719, 190.643, 188.523, 186.36, 184.151, 181.896, 179.593, 177.239, 174.834, 172.374, 169.856, 167.277, 164.633, 161.919, 159.13, 156.258, 153.296, 150.233, 147.06, 143.761, 140.323, 136.726, 132.949, 128.972, 124.776, 120.357, 115.769, 111.232, 107.341, 104.04, 0, 0, 0, 0, 0, 0, 0, 0, 0, 0, 0, 0, 0, 0, 0, 0, 0, 0, 0, 0, 104.04, 107.341, 111.232, 115.769, 120.357, 124.776, 128.972, 132.949, 136.726, 140.323, 143.761, 147.06, 150.233, 153.296, 156.258, 159.13, 161.919, 164.633, 167.277, 169.856, 172.374, 174.834, 177.239, 179.593, 181.896, 184.151, 186.36, 188.523, 190.643, 192.719, 194.753, 196.746, 198.697, 200.607, 0, 0, 0, 0, 0, 0, 0
0, 0, 0, 0, 0, 0, 0, 200.168, 198.241, 196.271, 194.259, 192.203, 190.105, 187.962, 185.773, 183.538, 181.255, 178.923, 176.538, 174.099, 171.603, 169.048, 166.428, 163.74, 160.979, 158.138, 155.209, 152.184, 149.052, 145.798, 142.406, 138.857, 135.124, 131.178, 126.979, 122.475, 117.605, 112.305, 106.698, 102.864, 0, 0, 0, 0, 0, 0, 0, 0, 0, 0, 0, 0, 0, 0, 0, 0, 0, 0, 0, 0, 0, 0, 102.864, 106.698, 112.305, 117.605, 122.475, 126.979, 131.178, 135.124, 138.857, 142.406, 145.798, 149.052, 152.184, 155.209, 158.138, 160.979, 163.74, 166.428, 169.048, 171.603, 174.099, 176.538, 178.923, 181.255, 183.538, 185.773, 187.962, 190.105, 192.203, 194.259, 196.271, 198.241, 200.168, 0, 0, 0, 0, 0, 0, 0
0, 0, 0, 0, 0, 0, 201.7, 199.781, 197.831, 195.841, 193.81, 191.735, 189.616, 187.452, 185.241, 182.982, 180.674, 178.314, 175.902, 173.433, 170.905, 168.316, 165.661, 162.934, 160.132, 157.247, 154.271, 151.194, 148.005, 144.687, 141.221, 137.585, 133.748, 129.67, 125.297, 120.549, 115.287, 109.152, 100.395, 0, 0, 0, 0, 0, 0, 0, 0, 0, 0, 0, 0, 0, 0, 0, 0, 0, 0, 0, 0, 0, 0, 0, 0, 100.395, 109.152, 115.287, 120.549, 125.297, 129.67, 133.748, 137.585, 141.221, 144.687, 148.005, 151.194, 154.271, 157.247, 160.132, 162.934, 165.661, 168.316, 170.905, 173.433, 175.902, 178.314, 180.674, 182.982, 185.241, 187.452, 189.616, 191.735, 193.81, 195.841, 197.831, 199.781, 201.7, 0, 0, 0, 0, 0, 0
0, 0, 0, 0, 0, 0, 201.348, 199.424, 197.461, 195.456, 193.408, 191.316, 189.178, 186.995, 184.764, 182.484, 180.153, 177.77, 175.332, 172.837, 170.282, 167.663, 164.977, 162.218, 159.382, 156.461, 153.447, 150.331, 147.099, 143.735, 140.219, 136.526, 132.622, 128.465, 123.999, 119.145, 113.846, 108.625, 108.683, 0, 0, 0, 0, 0, 0, 0, 0, 0, 0, 0, 0, 0, 0, 0, 0, 0, 0, 0, 0, 0, 0, 0, 0, 108.683, 108.625, 113.846, 119.145, 123.999, 128.465, 132.622, 136.526, 140.219, 143.735, 147.099, 150.331, 153.447, 156.461, 159.382, 162.218, 164.977, 167.663, 170.282, 172.837, 175.332, 177.77, 180.153, 182.484, 184.764, 186.995, 189.178, 191.316, 193.408, 195.456, 197.461, 199.424, 201.348, 0, 0, 0, 0, 0, 0
0, 0, 0, 0, 0, 0, 201.039, 199.108, 197.134, 195.115, 193.053, 190.946, 188.793, 186.593, 184.344, 182.045, 179.695, 177.291, 174.832, 172.314, 169.735, 167.091, 164.379, 161.594, 158.73, 155.782, 152.74, 149.596, 146.338, 142.948, 139.407, 135.689, 131.759, 127.579, 123.096, 118.19, 112.333, 102.822, 0, 0, 0, 0, 0, 0, 0, 0, 0, 0, 0, 0, 0, 0, 0, 0, 0, 0, 0, 0, 0, 0, 0, 0, 0, 0, 102.822, 112.333, 118.19, 123.096, 127.579, 131.759, 135.689, 139.407, 142.948, 146.338, 149.596, 152.74, 155.782, 158.73, 161.594, 164.379, 167.091, 169.735, 172.314, 174.832, 177.291, 179.695, 182.045, 184.344, 186.593, 188.793, 190.946, 193.053, 195.115, 197.134, 199.108, 201.039, 0, 0, 0, 0, 0, 0
0, 0, 0, 0, 0, 0, 200.779, 198.837, 196.852, 194.822, 192.748, 190.627, 188.46, 186.246, 183.982, 181.667, 179.3, 176.879, 174.401, 171.864, 169.265, 166.601, 163.868, 161.061, 158.177, 155.209, 152.15, 148.991, 145.721, 142.325, 138.785, 135.073, 131.157, 127.005, 122.624, 118.193, 114.477, 113.832, 0, 0, 0, 0, 0, 0, 0, 0, 0, 0, 0, 0, 0, 0, 0, 0, 0, 0, 0, 0, 0, 0, 0, 0, 0, 0, 113.832, 114.477, 118.193, 122.624, 127.005, 131.157, 135.073, 138.785, 142.325, 145.721, 148.991, 152.15, 155.209, 158.177, 161.061, 163.868, 166.601, 169.265, 171.864, 174.401, 176.879, 179.3, 181.667, 183.982, 186.246, 188.46, 190.627, 192.748, 194.822, 196.852, 198.837, 200.779, 0, 0, 0, 0, 0, 0
0, 0, 0, 0, 0, 0, 200.562, 198.611, 196.616, 194.576, 192.492, 190.36, 188.182, 185.955, 183.679, 181.351, 178.97, 176.534, 174.041, 171.488, 168.873, 166.193, 163.443, 160.621, 157.722, 154.741, 151.672, 148.509, 145.242, 141.86, 138.346, 134.673, 130.801, 126.669, 122.208, 117.487, 113.556, 116.927, 0, 0, 0, 0, 0, 0, 0, 0, 0, 0, 0, 0, 0, 0, 0, 0, 0, 0, 0, 0, 0, 0, 0, 0, 0, 0, 116.927, 113.556, 117.487, 122.208, 126.669, 130.801, 134.673, 138.346, 141.86, 145.242, 148.509, 151.672, 154.741, 157.722, 160.621, 163.443, 166.193, 168.873, 171.488, 174.041, 176.534, 178.97, 181.351, 183.679, 185.955, 188.182, 190.36, 192.492, 194.576, 196.616, 198.611, 200.562, 0, 0, 0, 0, 0, 0
0, 0, 0, 0, 0, 0, 200.388, 198.429, 196.427, 194.379, 192.286, 190.146, 187.959, 185.722, 183.435, 181.097, 178.705, 176.257, 173.752, 171.187, 168.56, 165.867, 163.105, 160.272, 157.363, 154.375, 151.304, 148.145, 144.892, 141.54, 138.076, 134.483, 130.715, 126.671, 122.061, 115.996, 105.338, 0, 0, 0, 0, 0, 0, 0, 0, 0, 0, 0, 0, 0, 0, 0, 0, 0, 0, 0, 0, 0, 0, 0, 0, 0, 0, 0, 0, 105.338, 115.996, 122.061, 126.671, 130.715, 134.483, 138.076, 141.54, 144.892, 148.145, 151.304, 154.375, 157.363, 160.272, 163.105, 165.867, 168.56, 171.187, 173.752, 176.257, 178.705, 181.097, 183.435, 185.722, 187.959, 190.146, 192.286, 194.379, 196.427, 198.429, 200.388, 0, 0, 0, 0, 0, 0
0, 0, 0, 0, 0, 0, 200.256, 198.292, 196.284, 194.231, 192.131, 189.985, 187.79, 185.547, 183.252, 180.906, 178.506, 176.049, 173.535, 170.961, 168.325, 165.623, 162.853, 160.012, 157.098, 154.107, 151.037, 147.887, 144.656, 141.343, 137.95, 134.477, 130.918, 127.246, 123.376, 119.102, 114.124, 0, 0, 0, 0, 0, 0, 0, 0, 0, 0, 0, 0, 0, 0, 0, 0, 0, 0, 0, 0, 0, 0, 0, 0, 0, 0, 0, 0, 114.124, 119.102, 123.376, 127.246, 130.918, 134.477, 137.95, 141.343, 144.656, 147.887, 151.037, 154.107, 157.098, 160.012, 162.853, 165.623, 168.325, 170.961, 173.535, 176.049, 178.506, 180.906, 183.252, 185.547, 187.79, 189.985, 192.131, 194.231, 196.284, 198.292, 200.256, 0, 0, 0, 0, 0, 0
0, 0, 0, 0, 0, 0, 200.168, 198.201, 196.189, 194.131, 192.028, 189.877, 187.678, 185.429, 183.13, 180.778, 178.372, 175.911, 173.391, 170.811, 168.168, 165.461, 162.685, 159.84, 156.923, 153.931, 150.865, 147.724, 144.513, 141.239, 137.915, 134.568, 131.243, 128.028, 125.103, 122.919, 122.807, 0, 0, 0, 0, 0, 0, 0, 0, 0, 0, 0, 0, 0, 0, 0, 0, 0, 0, 0, 0, 0, 0, 0, 0, 0, 0, 0, 0, 122.807, 122.919, 125.103, 128.028, 131.243, 134.568, 137.915, 141.239, 144.513, 147.724, 150.865, 153.931, 156.923, 159.84, 162.685, 165.461, 168.168, 170.811, 173.391, 175.911, 178.372, 180.778, 183.13, 185.429, 187.678, 189.877, 192.028, 194.131, 196.189, 198.201, 200.168, 0, 0, 0, 0, 0, 0
0, 0, 0, 0, 0, 0, 200.124, 198.155, 196.141, 194.082, 191.976, 189.823, 187.622, 185.371, 183.069, 180.714, 178.306, 175.841, 173.319, 170.736, 168.09, 165.38, 162.602, 159.755, 156.836, 153.844, 150.78, 147.646, 144.448, 141.196, 137.915, 134.647, 131.469, 128.528, 126.098, 124.671, 125.005, 0, 0, 0, 0, 0, 0, 0, 0, 0, 0, 0, 0, 0, 0, 0, 0, 0, 0, 0, 0, 0, 0, 0, 0, 0, 0, 0, 0, 125.005, 124.671, 126.098, 128.528, 131.469, 134.647, 137.915, 141.196, 144.448, 147.646, 150.78, 153.844, 156.836, 159.755, 162.602, 165.38, 168.09, 170.736, 173.319, 175.841, 178.306, 180.714, 183.069, 185.371, 187.622, 189.823, 191.976, 194.082, 196.141, 198.155, 200.124, 0, 0, 0, 0, 0, 0
0, 0, 0, 0, 0, 0, 200.124, 198.155, 196.141, 194.082, 191.976, 189.823, 187.622, 185.371, 183.069, 180.714, 178.306, 175.841, 173.319, 170.736, 168.09, 165.38, 162.602, 159.755, 156.836, 153.844, 150.78, 147.646, 144.448, 141.196, 137.915, 134.647, 131.469, 128.528, 126.098, 124.671, 125.005, 0, 0, 0, 0, 0, 0, 0, 0, 0, 0, 0, 0, 0, 0, 0, 0, 0, 0, 0, 0, 0, 0, 0, 0, 0, 0, 0, 0, 125.005, 124.671, 126.098, 128.528, 131.469, 134.647, 137.915, 141.196, 144.448, 147.646, 150.78, 153.844, 156.836, 159.755, 162.602, 165.38, 168.09, 170.736, 173.319, 175.841, 178.306, 180.714, 183.069, 185.371, 187.622, 189.823, 191.976, 194.082, 196.141, 198.155, 200.124, 0, 0, 0, 0, 0, 0
0, 0, 0, 0, 0, 0, 200.168, 198.201, 196.189, 194.131, 192.028, 189.877, 187.678, 185.429, 183.13, 180.778, 178.372, 175.911, 173.391, 170.811, 168.168, 165.461, 162.685, 159.84, 156.923, 153.931, 150.865, 147.724, 144.513, 141.239, 137.915, 134.568, 131.243, 128.028, 125.103, 122.919, 122.807, 0, 0, 0, 0, 0, 0, 0, 0, 0, 0, 0, 0, 0, 0, 0, 0, 0, 0, 0, 0, 0, 0, 0, 0, 0, 0, 0, 0, 122.807, 122.919, 125.103, 128.028, 131.243, 134.568, 137.915, 141.239, 144.513, 147.724, 150.865, 153.931, 156.923, 159.84, 162.685, 165.461, 168.168, 170.811, 173.391, 175.911, 178.372, 180.778, 183.13, 185.429, 187.678, 189.877, 192.028, 194.131, 196.189, 198.201, 200.168, 0, 0, 0, 0, 0, 0
0, 0, 0, 0, 0, 0, 200.256, 198.292, 196.284, 194.231, 192.131, 189.985, 187.79, 185.547, 183.252, 180.906, 178.506, 176.049, 173.535, 170.961, 168.325, 165.623, 162.853, 160.012, 157.098, 154.107, 151.037, 147.887, 144.656, 141.343, 137.95, 134.477, 130.918, 127.246, 123.376, 119.102, 114.124, 0, 0, 0, 0, 0, 0, 0, 0, 0, 0, 0, 0, 0, 0, 0, 0, 0, 0, 0, 0, 0, 0, 0, 0, 0, 0, 0, 0, 114.124, 119.102, 123.376, 127.246, 130.918, 134.477, 137.95, 141.343, 144.656, 147.887, 151.037, 154.107, 157.098, 160.012, 162.853, 165.623, 168.325, 170.961, 173.535, 176.049, 178.506, 180.906, 183.252, 185.547, 187.79, 189.985, 192.131, 194.231, 196.284, 198.292, 200.256, 0, 0, 0, 0, 0, 0
0, 0, 0, 0, 0, 0, 200.388, 198.429, 196.427, 194.379, 192.286, 190.146, 187.959, 185.722, 183.435, 181.097, 178.705, 176.257, 173.752, 171.187, 168.56, 165.867, 163.105, 160.272, 157.363, 154.375, 151.304, 148.145, 144.892, 141.54, 138.076, 134.483, 130.715, 126.671, 122.061, 115.996, 105.338, 0, 0, 0, 0, 0, 0, 0, 0, 0, 0, 0, 0, 0, 0, 0, 0, 0, 0, 0, 0, 0, 0, 0, 0, 0, 0, 0, 0, 105.338, 115.996, 122.061, 126.671, 130.715, 134.483, 138.076, 141.54, 144.892, 148.145, 151.304, 154.375, 157.363, 160.272, 163.105, 165.867, 168.56, 171.187, 173.752, 176.257, 178.705, 181.097, 183.435, 185.722, 187.959, 190.146, 192.286, 194.379, 196.427, 198.429, 200.388, 0, 0, 0, 0, 0, 0
0, 0, 0, 0, 0, 0, 200.562, 198.611, 196.616, 194.576, 192.492, 190.36, 188.182, 185.955, 183.679, 181.351, 178.97, 176.534, 174.041, 171.488, 168.873, 166.193, 163.443, 160.621, 157.722, 154.741, 151.672, 148.509, 145.242, 141.86, 138.346, 134.673, 130.801, 126.669, 122.208, 117.487, 113.556, 116.927, 0, 0, 0, 0, 0, 0, 0, 0, 0, 0, 0, 0, 0, 0, 0, 0, 0, 0, 0, 0, 0, 0, 0, 0, 0, 0, 116.927, 113.556, 117.487, 122.208, 126.669, 130.801, 134.673, 138.346, 141.86, 145.242, 148.509, 151.672, 154.741, 157.722, 160.621, 163.443, 166.193, 168.873, 171.488, 174.041, 176.534, 178.97, 181.351, 183.679, 185.955, 188.182, 190.36, 192.492, 194.576, 196.616, 198.611, 200.562, 0, 0, 0, 0, 0, 0
0, 0, 0, 0, 0, 0, 200.779, 198.837, 196.852, 194.822, 192.748, 190.627, 188.46, 186.246, 183.982, 181.667, 179.3, 176.879, 174.401, 171.864, 169.265, 166.601, 163.868, 161.061, 158.177, 155.209, 152.15, 148.991, 145.721, 142.325, 138.785, 135.073, 131.157, 127.005, 122.624, 118.193, 114.477, 113.832, 0, 0, 0, 0, 0, 0, 0, 0, 0, 0, 0, 0, 0, 0, 0, 0, 0, 0, 0, 0, 0, 0, 0, 0, 0, 0, 113.832, 114.477, 118.193, 122.624, 127.005, 131.157, 135.073, 138.785, 142.325, 145.721, 148.991, 152.15, 155.209, 158.177, 161.061, 163.868, 166.601, 169.265, 171.864, 174.401, 176.879, 179.3, 181.667, 183.982, 186.246, 188.46, 190.627, 192.748, 194.822, 196.852, 198.837, 200.779, 0, 0, 0, 0, 0, 0
0, 0, 0, 0, 0, 0, 201.039, 199.108, 197.134, 195.115, 193.053, 190.946, 188.793, 186.593, 184.344, 182.045, 179.695, 177.291, 174.832, 172.314, 169.735, 167.091, 164.379, 161.594, 158.73, 155.782, 152.74, 149.596, 146.338, 142.948, 139.407, 135.689, 131.759, 127.579, 123.096, 118.19, 112.333, 102.822, 0, 0, 0, 0, 0, 0, 0, 0, 0, 0, 0, 0, 0, 0, 0, 0, 0, 0, 0, 0, 0, 0, 0, 0, 0, 0, 102.822, 112.333, 118.19, 123.096, 127.579, 131.759, 135.689, 139.407, 142.948, 146.338, 149.596, 152.74, 155.782, 158.73, 161.594, 164.379, 167.091, 169.735, 172.314, 174.832, 177.291, 179.695, 182.045, 184.344, 186.593, 188.793, 190.946, 193.053, 195.115, 197.134, 199.108, 201.039, 0, 0, 0, 0, 0, 0
0, 0, 0, 0, 0, 0, 201.348, 199.424, 197.461, 195.456, 193.408, 191.316, 189.178, 186.995, 184.764, 182.484, 180.153, 177.77, 175.332, 172.837, 170.282, 167.663, 164.977, 162.218, 159.382, 156.461, 153.447, 150.331, 147.099, 143.735, 140.219, 136.526, 132.622, 128.465, 123.999, 119.145, 113.846, 108.625, 108.683, 0, 0, 0, 0, 0, 0, 0, 0, 0, 0, 0, 0, 0, 0, 0, 0, 0, 0, 0, 0, 0, 0, 0, 0, 108.683, 108.625, 113.846, 119.145, 123.999, 128.465, 132.622, 136.526, 140.219, 143.735, 147.099, 150.331, 153.447, 156.461, 159.382, 162.218, 164.977, 167.663, 170.282, 172.837, 175.332, 177.77, 180.153, 182.484, 184.764, 186.995, 189.178, 191.316, 193.408, 195.456, 197.461, 199.424, 201.348, 0, 0, 0, 0, 0, 0
0, 0, 0, 0, 0, 0, 201.7, 199.781, 197.831, 195.841, 193.81, 191.735, 189.616, 187.452, 185.241, 182.982, 180.674, 178.314, 175.902, 173.433, 170.905, 168.316, 165.661, 162.934, 160.132, 157.247, 154.271, 151.194, 148.005, 144.687, 141.221, 137.585, 133.748, 129.67, 125.297, 120.549, 115.287, 109.152, 100.395, 0, 0, 0, 0, 0, 0, 0, 0, 0, 0, 0, 0, 0, 0, 0, 0, 0, 0, 0, 0, 0, 0, 0, 0, 100.395, 109.152, 115.287, 120.549, 125.297, 129.67, 133.748, 137.585, 141.221, 144.687, 148.005, 151.194, 154.271, 157.247, 160.132, 162.934, 165.661, 168.316, 170.905, 173.433, 175.902, 178.314, 180.674, 182.982, 185.241, 187.452, 189.616, 191.735, 193.81, 195.841, 197.831, 199.781, 201.7, 0, 0, 0, 0, 0, 0
0, 0, 0, 0, 0, 0, 0, 200.168, 198.241, 196.271, 194.259, 192.203, 190.105, 187.962, 185.773, 183.538, 181.255, 178.923, 176.538, 174.099, 171.603, 169.048, 166.428, 163.74, 160.979, 158.138, 155.209, 152.184, 149.052, 145.798, 142.406, 138.857, 135.124, 131.178, 126.979, 122.475, 117.605, 112.305, 106.698, 102.864, 0, 0, 0, 0, 0, 0, 0, 0, 0, 0, 0, 0, 0, 0, 0, 0, 0, 0, 0, 0, 0, 0, 102.864, 106.698, 112.305, 117.605, 122.475, 126.979, 131.178, 135.124, 138.857, 142.406, 145.798, 149.052, 152.184, 155.209, 158.138, 160.979, 163.74, 166.428, 169.048, 171.603, 174.099, 176.538, 178.923, 181.255, 183.538, 185.773, 187.962, 190.105, 192.203, 194.259, 196.271, 198.241, 200.168, 0, 0, 0, 0, 0, 0, 0
